4294967294,0
4294967278,112
4294967278,107
4294967278,53
4294967278,52
4294967278,46
4294967278,45
4294967278,44
4294967278,39
4294967279,55
4294967279,54
4294967279,53
4294967279,52
4294967279,46
4294967279,40
4294967279,35
4294967279,24
4294967279,20
4294967279,13
4294967279,9
4294967279,7
4294967279,4
4294967294,162
4294967294,36
4294967294,39
4294967294,115
4294967294,51
4294967294,387
4294967294,388
4294967294,165
4294967294,168
4294967294,1249
4294967294,68
4294967294,188
4294967294,12
4294967294,11
4294967294,104
4294967294,106
4294967294,166
4294967294,24
4294967294,176
4294967294,1248
4294967294,22
4294967294,17
4294967294,42
4294967294,67
4294967294,99
4294967294,76
4294967294,41
4294967294,43
4294967294,52
4294967294,26
4294967294,83
4294967293,131
4294967293,130
4294967293,129
4294967293,128
4294967293,127
4294967293,126
4294967293,125
4294967293,124
4294967293,123
4294967293,122
4294967293,121
4294967293,120
4294967293,119
4294967293,118
4294967293,117
4294967293,116
4294967293,115
4294967293,114
4294967293,113
4294967293,112
4294967293,111
4294967293,110
4294967293,109
4294967293,108
4294967293,107
4294967293,106
4294967293,105
4294967293,104
4294967293,103
4294967293,102
4294967293,101
4294967293,100
4294967293,99
4294967293,98
4294967293,97
4294967293,96
4294967293,95
4294967293,94
4294967293,93
4294967293,92
4294967293,91
4294967293,90
4294967293,89
4294967293,87
4294967293,86
4294967293,85
4294967293,84
4294967293,83
4294967293,82
4294967293,81
4294967293,80
4294967293,79
4294967293,78
4294967293,77
4294967293,76
4294967293,75
4294967293,74
4294967293,73
4294967293,72
4294967293,71
4294967293,70
4294967293,69
4294967293,68
4294967293,67
4294967293,66
4294967293,65
4294967293,64
4294967293,63
4294967293,62
4294967293,61
4294967293,60
4294967293,59
4294967293,58
4294967293,57
4294967293,56
4294967293,55
4294967293,54
4294967293,53
4294967293,52
4294967293,51
4294967293,50
4294967293,49
4294967293,48
4294967293,47
4294967293,46
4294967293,45
4294967293,44
4294967293,43
4294967293,42
4294967293,41
4294967293,40
4294967293,39
4294967293,38
4294967293,37
4294967293,36
4294967293,35
4294967293,34
4294967293,33
4294967293,32
4294967293,31
4294967293,30
4294967293,29
4294967293,28
4294967293,27
4294967293,26
4294967293,25
4294967293,24
4294967293,23
4294967293,22
4294967293,21
4294967293,20
4294967293,19
4294967293,18
4294967293,17
4294967293,16
4294967293,15
4294967293,14
4294967293,13
4294967293,12
4294967293,11
4294967293,10
4294967293,9
4294967293,8
4294967293,7
4294967293,6
4294967293,5
4294967293,4
4294967293,3
4294967278,336
4294967278,131
4294967278,130
4294967278,256
4294967278,129
4294967278,332
4294967278,127
4294967278,125
4294967278,358
4294967278,123
4294967278,350
4294967278,122
4294967278,371
4294967278,243
4294967278,117
4294967278,241
4294967278,116
4294967278,239
4294967278,115
4294967278,114
4294967278,227
4294967278,108
4294967278,225
4294967278,370
4294967278,215
4294967278,102
4294967278,97
4294967278,356
4294967278,92
4294967278,349
4294967278,355
4294967278,369
4294967278,85
4294967278,348
4294967278,346
4294967278,80
4294967278,345
4294967278,75
4294967278,368
4294967278,70
4294967278,344
4294967278,367
4294967278,64
4294967278,59
4294967278,54
4294967278,50
4294967278,343
4294967278,49
4294967278,366
4294967278,48
4294967278,47
4294967278,354
4294967278,342
4294967278,365
4294967278,43
4294967278,42
4294967278,353
4294967278,40
4294967278,341
4294967278,364
4294967278,38
4294967278,352
4294967278,363
4294967278,351
4294967278,340
4294967278,339
4294967278,362
4294967278,338
4294967278,347
4294967278,174
4294967279,423
4294967279,391
4294967279,421
4294967279,2
4294967279,102
4294967279,418
4294967279,410
4294967279,91
4294967279,90
4294967279,89
4294967279,87
4294967279,417
4294967279,409
4294967279,85
4294967279,408
4294967279,84
4294967279,407
4294967279,406
4294967279,82
4294967279,405
4294967279,81
4294967279,80
4294967279,79
4294967279,78
4294967279,404
4294967279,403
4294967279,402
4294967279,401
4294967279,416
4294967279,51
4294967279,50
4294967279,400
4294967279,48
4294967279,47
4294967279,399
4294967279,44
4294967279,43
4294967279,41
4294967279,411
4294967279,415
4294967279,398
4294967279,39
4294967279,38
4294967279,37
4294967279,36
4294967279,34
4294967279,33
4294967279,32
4294967279,31
4294967279,414
4294967279,30
4294967279,29
4294967279,28
4294967279,27
4294967279,26
4294967279,25
4294967279,23
4294967279,22
4294967279,21
4294967279,413
4294967279,396
4294967279,19
4294967279,18
4294967279,17
4294967279,16
4294967279,15
4294967279,395
4294967279,14
4294967279,88
4294967279,174
4294967294,1818
4294967294,1817
4294967294,1068
4294967294,1027
4294967294,1807
4294967294,197
4294967294,1815
4294967294,1814
4294967294,1078
4294967294,1808
4294967294,1813
4294967294,1030
4294967294,1812
4294967294,997
4294967294,994
4294967294,993
4294967294,735
4294967294,988
4294967294,413
4294967294,986
4294967294,985
4294967294,982
4294967294,981
4294967294,980
4294967294,979
4294967294,977
4294967294,975
4294967294,974
4294967294,973
4294967294,971
4294967294,967
4294967294,966
4294967294,964
4294967294,961
4294967294,1811
4294967294,1809
4294967294,960
4294967294,957
4294967294,955
4294967294,1810
4294967294,954
4294967294,731
4294967294,953
4294967294,1806
4294967294,186
4294967294,950
4294967294,949
4294967294,948
4294967294,944
4294967294,940
4294967294,930
4294967294,927
4294967294,926
4294967294,925
4294967294,923
4294967294,920
4294967294,918
4294967294,916
4294967294,728
4294967294,913
4294967294,911
4294967294,910
4294967294,909
4294967294,908
4294967294,902
4294967294,899
4294967294,897
4294967294,895
4294967294,894
4294967294,1029
4294967294,892
4294967294,891
4294967294,890
4294967294,889
4294967294,888
4294967294,194
4294967294,886
4294967294,883
4294967294,882
4294967294,1804
4294967294,880
4294967294,879
4294967294,877
4294967294,876
4294967294,873
4294967294,872
4294967294,869
4294967294,867
4294967294,865
4294967294,863
4294967294,862
4294967294,860
4294967294,858
4294967294,855
4294967294,853
4294967294,852
4294967294,851
4294967294,850
4294967294,849
4294967294,848
4294967294,847
4294967294,846
4294967294,723
4294967294,841
4294967294,840
4294967294,839
4294967294,837
4294967294,836
4294967294,835
4294967294,721
4294967294,834
4294967294,833
4294967294,832
4294967294,830
4294967294,829
4294967294,828
4294967294,825
4294967294,824
4294967294,823
4294967294,822
4294967294,821
4294967294,820
4294967294,817
4294967294,816
4294967294,815
4294967294,813
4294967294,812
4294967294,811
4294967294,808
4294967294,806
4294967294,805
4294967294,804
4294967294,801
4294967294,800
4294967294,799
4294967294,798
4294967294,797
4294967294,1801
4294967294,791
4294967294,1596
4294967294,790
4294967294,788
4294967294,787
4294967294,785
4294967294,784
4294967294,782
4294967294,781
4294967294,779
4294967294,777
4294967294,195
4294967294,775
4294967294,711
4294967294,771
4294967294,770
4294967294,714
4294967294,703
4294967294,702
4294967294,701
4294967294,700
4294967294,1799
4294967294,697
4294967294,696
4294967294,693
4294967294,692
4294967294,690
4294967294,688
4294967294,687
4294967294,686
4294967294,684
4294967294,683
4294967294,682
4294967294,1796
4294967294,677
4294967294,674
4294967294,673
4294967294,671
4294967294,670
4294967294,1435
4294967294,669
4294967294,666
4294967294,662
4294967294,659
4294967294,656
4294967294,1087
4294967294,655
4294967294,727
4294967294,1028
4294967294,196
4294967294,653
4294967294,1032
4294967294,651
4294967294,649
4294967294,1031
4294967294,647
4294967294,646
4294967294,644
4294967294,643
4294967294,641
4294967294,640
4294967294,638
4294967294,636
4294967294,634
4294967294,632
4294967294,631
4294967294,628
4294967294,626
4294967294,705
4294967294,624
4294967294,623
4294967294,734
4294967294,630
4294967294,619
4294967294,616
4294967294,629
4294967294,615
4294967294,639
4294967294,720
4294967294,614
4294967294,613
1,3
1,0
4294967294,612
4294967294,719
4294967294,611
4294967294,710
4294967294,712
4294967294,610
4294967294,732
4294967294,609
4294967294,608
4294967294,607
4294967294,730
4294967294,606
4294967294,726
4294967294,717
4294967294,709
4294967294,729
4294967294,704
4294967294,605
4294967294,718
4294967294,878
4294967294,706
4294967294,70
4294967294,724
4294967294,72
4294967294,875
4294967294,715
4294967294,71
4294967294,128
4294967294,1594
4294967294,1413
4294967294,542
4294967294,541
4294967294,540
4294967294,539
4294967294,538
4294967294,536
4294967294,537
4294967294,535
4294967294,534
4294967294,533
4294967294,532
4294967294,531
4294967294,530
4294967294,529
4294967294,528
4294967294,527
4294967294,526
4294967294,525
4294967294,524
4294967294,523
4294967294,522
4294967294,521
4294967294,519
4294967294,520
4294967294,518
4294967294,517
4294967294,516
4294967294,515
4294967294,514
4294967294,513
4294967294,512
4294967294,383
4294967294,382
4294967294,381
4294967294,1793
4294967294,1418
4294967294,1431
4294967294,187
4294967294,1072
4294967294,423
4294967294,1409
4294967294,1416
4294967294,193
4294967294,747
4294967294,144
4294967294,393
4294967294,581
4294967294,145
4294967294,420
4294967294,1411
4294967294,494
4294967294,749
4294967294,1599
4294967294,742
4294967294,492
4294967294,491
4294967294,390
4294967294,750
4294967294,1466
4294967294,152
4294967294,148
4294967294,1412
4294967294,1467
4294967294,1414
4294967294,139
